Run semi-empirical minimization
 &qmmm
    qm_theory='AM1', grms_tol=0.0005,
 scfconv=1.d-10, ndiis_attempts=700,   qmcharge=0,
 /
  17    Cl       -5.7630        0.4150        2.1810 
   9     F       -6.5280       -0.4440       -0.5650 
   8     O       -1.6560        3.9170       -1.2810 
   8    O1        3.5260        0.9390        0.8720 
   8    O2        5.2350       -1.0050       -0.2540 
   7     N        0.8120        3.1890        0.0690 
   7    N1       -1.1400       -1.1250        0.6050 
   7    N2        1.5710       -3.9310       -0.8200 
   7    N3       -0.6680       -3.2670       -0.3260 
   6     C        1.8880        3.4400        1.0410 
   6    C1       -0.5070        3.1500        0.7420 
   6    C2        0.7620        4.2130       -0.9970 
   6    C3        3.3030        3.2940        0.4530 
   6    C4       -1.6370        2.9010       -0.2710 
   6    C5       -0.3980        3.9440       -1.9680 
   6    C6        3.5570        1.9220       -0.1710 
   6    C7        3.0490       -0.2530        0.4050 
   6    C8        1.1540       -1.7460        0.0820 
   6    C9        1.6850       -0.5030        0.5010 
   6   C10        3.8970       -1.2390       -0.0830 
   6   C11        2.0120       -2.7360       -0.4160 
   6   C12        3.3730       -2.4620       -0.5020 
   6   C13       -0.2150       -2.0740        0.0980 
   6   C14       -2.5170       -1.0290        0.3240 
   6   C15        0.2500       -4.1400       -0.7500 
   6   C16        5.9410       -1.2650        0.9580 
   6   C17       -3.3780       -0.4580        1.2730 
   6   C18       -3.0410       -1.3670       -0.9330 
   6   C19       -4.7330       -0.2710        0.9840 
   6   C20       -4.3940       -1.1720       -1.2280 
   6   C21       -5.2330       -0.6280       -0.2640 
   1     H        1.7850        4.4400        1.4810 
   1    H1        1.7960        2.7270        1.8690 
   1    H2       -0.5240        2.3480        1.4890 
   1    H3       -0.6910        4.1010        1.2590 
   1    H4        0.6360        5.2090       -0.5520 
   1    H5        1.6900        4.2130       -1.5760 
   1    H6        3.4920        4.0770       -0.2890 
   1    H7        4.0180        3.4520        1.2690 
   1    H8       -1.5350        1.9190       -0.7470 
   1    H9       -2.6050        2.9250        0.2400 
   1   H10       -0.4450        4.7420       -2.7170 
   1   H11       -0.2560        2.9960       -2.5020 
   1   H12        2.8310        1.7200       -0.9680 
   1   H13        4.5580        1.9090       -0.6170 
   1   H14        1.0360        0.2840        0.8740 
   1   H15        4.0410       -3.2190       -0.9070 
   1   H16       -0.9120       -0.9300        1.5750 
   1   H17       -0.1090       -5.1130       -1.0690 
   1   H18       -2.9990       -0.1620        2.2470 
   1   H19       -2.3920       -1.7730       -1.7060 
   1   H20        6.9930       -1.0110        0.7920 
   1   H21        5.5720       -0.6490        1.7850 
   1   H22        5.8850       -2.3270        1.2190 
   1   H23       -4.7900       -1.4340       -2.2040 

